-922959035
-1809130368
1546586798
550599364
-244242726
1025136548
620217410
966971613
19087583
973995648
-500150905
-347929208
395560342
665001362
-1341217660
-826876889
-1429099179
-530632842
2120449549
935541615
-1730348663
-1200662627
-1085326229
-993949384
-1358805507
1188582461
-922932165
238907283
898083420
-1906369656
1104882582
134307617
2089267188
943822879
1837244274
-1984404830
-782278724
1482307785
887479111
-1734273076
-421483368
79710047
-2069274891
121037149
1439350234
1168259851
1927188196
-1066162573
-216146420
1412856241
1212598892
463319835
-688320020
1282555052
1788609655
951750183
-586441801
-738358083
-2084552091
234412099
2005200554
1960216895
-2027182801
955287626
-216934715
-1568313697
835674318
616175829
-568469294
1759907852
-1020901923
-858621163
-2089021787
1654831210
1318175101
-1916083486
822805412
-959994229
-1666418824
-1658798061
-98871927
-1886021472
53074600
176912656
1939414374
338500333
1634494361
-1949123932
2037671145
34835899
-160275091
-770084585
-775607327
-1104275821
-1806479104
565624443
-1360281088
-1780617048
-1132046773
1299677766
-558466846
1135399060
13401101
-793229791
1570894413
-2035331257
354379175
1785766910
182030010
-2085711812
-374354105
2068216176
535937044
1787401964
-418568119
1129348150
-1632746305
743571335
-1539182631
-2037054440
734170843
-1498476831
-1387874340
-1026875914
1469766601
1917668778
-639110640
-89048035
2048966637
-607116574
1482222449
-1129441316
1549150901
-1944182389
-1653564962
-660236202
-1899092262
221773215
2100502524
-1389047142
-1631921434
-413836220
2064984922
-601524496
1086098933
906097469
143954134
-233160843
-384453441
-1314346076
-1399600322
1400583146
1352944341
-1767785514
-1801699271
-641607992
-985596886
447999149
-1526370456
-1783459945
1328079572
1145601524
-331518008
1444013695
606002452
-1500226025
978411353
-466000609
1346224019
1794156826
1050323204
2044276893
742713326
80192204
-866106183
846246141
767357812
1109041211
42554839
685365686
-555049426
569939050
-328152111
1659365250
-1486746081
-343657407
-1866471155
-1949063307
1382878924
-1767643708
825218063
121412433
-2103770882
1382346375
158373590
-349729001
435782341
666801505
376844422
-1797753887
-387902528
-1460065440
810720582
-1947298833
305215900
-909627396
30275691
1309111294
-1484003111
1365640334
-2007229226
211678688
853030356
2045960962
-954112103
-736063415
-1605332479
-700445749
514752736
-2020429850
903944567
1280007959
1396002574
1958385075
-1377913679
373216579
578254886
1931363981
-597159278
1091209873
1943082348
-920166394
2085469865
-303607272
-1647805109
-806427016
1517213622
-830798853
263604089
749690972
1498163821
2033646301
1638330200
-1209216292
-93604743
-1877183340
-2100709217
-481856602
-868035645
2124007964
2111224377
-924376062
1509795315
921613005
1024471917
-2017785562
-622961610
-1279981872
1797361470
933877192
-1185446078
-1441876785
895531539
2105841909
984653718
1406197483
1696378267
-1856559583
-1221308922
1108300531
988698346
-1345426818
1423718518
-286600750
1320106727
1377715088
2070304485
750246471
-1291092758
-598365439
-319023955
1874520796
-488952927
-2119611471
-1034698232
1376939792
-624363469
103404561
1891178966
372624342
-511001690
1994168753
1945231260
-2030813374
911371909
1904370198
1908398543
-1957329023
1583642300
-1111399215
1896983635
1953072394
1915383751
-1222321460
-1878501570
1110658067
1441255691
-608850202
168779232
1588549957
-1666705789
320152514
648141319
297524658
861163423
1463517916
574029694
-509258234
1213741160
260712668
1635046359
1367924988
1917159
-100564178
1534074474
-874444524
-635164985
308335314
-22227811
-878119550
-1947466439
-1124153232
-972913052
2093823593
6291223
545738159
-490959093
-2074042296
-93132980
800853958
2022051379
-1921062220
304253810
1612357458
-768742119
-1339161017
-896367428
1965308266
609186846
388652504
-527912171
2133888496
414200963
798586604
-1735145847
561387306
854346355
-1654545045
1439070948
713545360
-1592378554
-1885550954
-1820825192
1580305127
964686851
2106013496
405247459
748204942
104246311
-592742117
-610003151
-1172703977
-1760317276
-937542723
1231127998
-1564495080
1893751596
-1918518204
-950006401
-190319805
-483673682
-1813860178
1691962178
-209920588
-1420514784
1799369292
1476089875
-444305782
1781755519
768826224
834578146
-704566088
-1359348461
-1616212891
9017442
1508309532
1435668727
77040543
-1205933773
-930852655
356007640
159315251
1031953986
1659994561
1165857276
-789926520
709972848
-937637763
1085371782
-2075899058
1656950897
425936976
315813368
1207413935
-1101068298
-99334512
-934779144
403516357
1941267726
1279079992
664246614
-1748097461
-2058843447
1005742259
-1448653491
-386020202
-811832802
-382633990
1558478088
156986309
1749733902
1018674656
221813608
1321379639
-95805944
788032684
-1789459708
1720800573
-1769609585
-687661848
-238825104
-1287523568
-809527271
-488315784
1532408514
782558213
-676916166
-518305043
-366976686
-1223561218
-8797950
-732844261
-1564353088
898544932
1786292898
-1927876120
867214138
-1585577774
-1033069739
-238912922
1842568190
121062356
1350126972
-1063459036
-795420130
1361352144
1559174155
349307072
2102614146
1241054212
702338340
-2131312191
-53065677
-1183324367
605655808
1934067619
1684352470
1734483158
261668630
-1385184974
1238520693
2024505249
1817748341
1424862747
1350849157
-178230494
727592565
-952499265
-404899292
953718465
-46740338
1191480138
-1769843295
-1254050830
665025671
1934888196
701224769
1583561638
1688109522
-2023154458
-1650988224
-2127814908
-199272138
-1205298064
448132886
-51753128
-904473682
-892598855
299567354
739070283
-984122479
-1243425849
308722603
726421332
-1329813518
-762209248
1605112429
721903470
-1473977783
-1112494687
-1860333231
-1769279477
1828356690
-2143991667
1508644282
-622292920
2085594164
963494888
1335636763
-1567127711
-247407386
894055430
-1794238459
1464004454
-1415294770
-898603426
1555054432
2136098606
-79621974
1483949731
1901425144
605335436
2099568819
1668481301
1437260859
1464223680
-1720922625
-924027373
114506816
1579834672
1983329830
-422325515
1131965451
619471448
1992041768
-478190568
636800015
-1046159107
-705483378
-5966791
1783255539
-897655896
1492917966
2096975110
1739931545
-1722985902
-655213069
-2126074638
1711588955
-1079517605
-1004018563
-543668664
-658236777
-1801414207
507685253
-1769596029
1105378157
127190413
-1014073051
1773522140
590541511
-1782783088
945831446
1853500195
-704523879
691550031
1875313049
-434854958
981216361
-1013259717
794076571
-493299106
-1714922479
-1832579291
-424305389
375390928
1978975939
-1875058448
2069972654
-960573036
1180136782
682367111
287493550
847910033
-1241827169
-306338287
-908806897
824396153
410723209
-1079600797
-1079545621
1351075169
-1468703544
-1603721802
-1343376866
225591699
1036684611
-392713063
1592739885
-1052253789
-2123403632
2001273896
1240317283
-1148778816
-51757635
-1001493378
-1047260867
1895793739
-2064771507
936306791
-1497549561
1333856685
1965193600
-1938625190
1142107846
1109775717
-1891269160
881237670
-893188520
1177355615
1706795735
505939946
-576724775
733550732
1636279564
-637924663
114421321
637302190
1238543952
439088094
-2032923285
-1666774157
-673493427
-131011858
1515014639
-1845142075
966240063
495039068
-1115580205
1198691424
1473157886
846621153
-1712883963
-909877596
1848132667
753748091
-752464308
40943788
-1258930167
-900824666
513524841
1838882206
-109540449
-1395865143
566515833
-633924796
-2106852772
-305844749
-758779235
-1522205989
1073448970
639120070
958482908
-854252757
1207831398
-863932749
-1921432505
1924929495
100535520
-1466821785
-1800555171
-407664138
1512162718
-96068988
-830923087
289975777
1860537030
-780990060
1888966345
-1540218290
603662588
281706810
393558601
-1112230755
549778473
1561988009
-490222767
2120193650
-1962176642
370466394
1365992226
702404739
-621170248
-1316257031
1926355463
-1461436750
-1269208667
-406807649
-414135950
723501405
851617510
-20367802
168774756
-1334161419
-618460427
-824548487
-2124094958
-397367091
-721205655
1766655051
997283525
-1551017420
426673785
1799095177
-1764763903
-381009723
-1599818050
842034738
-1866100503
98244348
-83322052
1485971239
1567524833
-281482739
692520610
-137694690
-1049526667
1894746096
1942270161
1249227228
-101836168
1781217984
-1238077030
-120506973
1961273200
1133929797
1510990795
-532454936
882449201
-1248078641
-1647790996
-1153499063
2035368135
731634757
-685170106
479896253
1635265945
49253500
-239177308
-1751775732
625173706
-1502175796
1452300381
1068410754
-1666691870
-31334687
-854284784
1882948063
-245441619
-826983218
1585360049
-1093458543
-167207837
-971392921
947793221
1274978340
893350920
-313991985
1668926697
921626361
-1449015275
-949974193
-2037557736
-1575896779
1495788376
1325871209
424954412
-2101465860
208205080
1698018860
1024296741
-452961313
-1137482116
-805451830
-64158296
-1861295470
1732264492
574110311
490533707
1097607138
84769336
1735438131
-868242161
845192933
-1806247879
656458426
-1596432851
-1801815950
-1854749771
-1063363206
2140686101
-661489709
-716535097
-1689912906
1311436979
1444732601
1056706815
-1784483191
-1124347917
780706927
44894342
1071984701
-1718346361
-1893831598
-705291898
320128477
1268245991
-2131497087
-405890104
610882568
-1489660519
18861520
-179845475
70534407
55281074
749009409
1475377922
388642338
599477403
1294742837
2091453438
-389471698
-1315252456
-1441444449
1279306063
-1419894422
-1754296954
1137775739
413945925
1594282636
396364132
1494236990
608265964
1245167894
185409300
-2057132017
-1034132112
2098355437
-1651818527
-492461707
-193056323
-899000533
-1845397437
1096241488
-1166995098
-821856205
-1736208798
-489666803
-1448061497
1989034758
1376847064
851689749
-967039380
-1350895148
133891515
-1904585338
-1464529484
1075828694
-326141479
-280890844
1001466801
-1708616614
2143801413
902391697
2113352530
437420831
-1046595054
1020064700
-1263954492
-388373022
-1936433570
-706969705
556695572
456278840
1646447250
1784382476
516394776
619501214
1081647847
1751501361
1284922767
365784526
-1452845269
-1773962567
853102727
-1203812525
-1110548540
1120546989
1761494526
-949959073
1670858485
1689256796
1272908236
1375080412
-2037218721
-1582253168
-1705659201
-1606425408
445243595
-407590910
9787911
-994751067
249925670
1898693903
-1969903916
1752427416
-1634926644
1640442794
-643409859
2099511856
-1854070007
2095446932
-1423332509
-1270182174
622974939
447362251
-54318122
-254475885
1830319612
1996305471
-952466377
810510959
1675479584
-1240283189
-1423428323
-1896926984
1649017211
-1351283358
-344172996
1235855457
-505329275
1519554952
5096900
-852552419
-517462015
-378838780
-631084538
-1659373646
-694759622
2123432403
1942448477
-451170094
917959312
1987610463
2111470667
-469445973
1353441074
1616721393
1066647010
-1232555139
-769860308
-1545246365
166829668
-865266323
209067172
94548761
-228664275
230684569
167031647
-1868471503
-838555951
1167254635
1429630602
499839224
595153025
1022120242
-1035043657
-1239288160
73281970
1354162926
-1997786075
1242936367
1954915071
-1851806614
338786628
-912896581
1248080206
1381087632
1521125751
494024916
-887197646
-1332839432
-1615778277
504925504
-843641200
898100417
-1147036729
-1654444819
-218689148
1255831460
-2115534379
1539766051
-1528538747
1892811590
